16
244
2,0,yellow
3,0,yellow
4,0,yellow
5,0,yellow
6,0,yellow
7,0,yellow
8,0,yellow
9,0,yellow
10,0,yellow
11,0,yellow
12,0,yellow
13,0,yellow
1,1,yellow
2,1,white
3,1,white
4,1,white
5,1,white
6,1,white
7,1,white
8,1,white
9,1,white
10,1,white
11,1,white
12,1,white
13,1,white
14,1,yellow
0,2,yellow
1,2,white
2,2,white
3,2,blue
4,2,blue
5,2,blue
6,2,blue
7,2,blue
8,2,blue
9,2,blue
10,2,blue
11,2,blue
12,2,blue
13,2,white
14,2,blue
15,2,yellow
0,3,yellow
1,3,white
2,3,blue
3,3,blue
4,3,white
5,3,white
6,3,white
7,3,white
8,3,white
9,3,white
10,3,white
11,3,white
12,3,blue
13,3,white
14,3,blue
15,3,yellow
0,4,yellow
1,4,white
2,4,blue
3,4,blue
4,4,white
5,4,blue
6,4,blue
7,4,blue
8,4,blue
9,4,blue
10,4,blue
11,4,white
12,4,blue
13,4,white
14,4,blue
15,4,yellow
0,5,yellow
1,5,white
2,5,blue
3,5,blue
4,5,white
5,5,blue
6,5,white
7,5,white
8,5,white
9,5,white
10,5,blue
11,5,white
12,5,blue
13,5,white
14,5,blue
15,5,yellow
0,6,yellow
1,6,white
2,6,blue
3,6,blue
4,6,white
5,6,blue
6,6,white
7,6,blue
8,6,blue
9,6,white
10,6,blue
11,6,white
12,6,blue
13,6,white
14,6,blue
15,6,yellow
0,7,yellow
1,7,white
2,7,blue
3,7,blue
4,7,white
5,7,blue
6,7,white
7,7,blue
8,7,white
9,7,white
10,7,blue
11,7,white
12,7,blue
13,7,white
14,7,blue
15,7,yellow
0,8,yellow
1,8,white
2,8,blue
3,8,blue
4,8,white
5,8,blue
6,8,white
7,8,blue
8,8,blue
9,8,blue
10,8,blue
11,8,white
12,8,blue
13,8,white
14,8,blue
15,8,yellow
0,9,yellow
1,9,white
2,9,blue
3,9,blue
4,9,white
5,9,blue
6,9,white
7,9,white
8,9,white
9,9,white
10,9,white
11,9,white
12,9,blue
13,9,white
14,9,blue
15,9,yellow
0,10,yellow
1,10,white
2,10,blue
3,10,blue
4,10,white
5,10,blue
6,10,blue
7,10,blue
8,10,blue
9,10,blue
10,10,blue
11,10,blue
12,10,blue
13,10,white
14,10,blue
15,10,yellow
0,11,yellow
1,11,white
2,11,blue
3,11,blue
4,11,white
5,11,white
6,11,white
7,11,white
8,11,white
9,11,white
10,11,white
11,11,white
12,11,white
13,11,white
14,11,blue
15,11,yellow
0,12,yellow
1,12,white
2,12,blue
3,12,blue
4,12,blue
5,12,blue
6,12,blue
7,12,blue
8,12,blue
9,12,blue
10,12,blue
11,12,blue
12,12,blue
13,12,blue
14,12,white
15,12,yellow
0,13,yellow
1,13,white
2,13,white
3,13,blue
4,13,blue
5,13,blue
6,13,blue
7,13,blue
8,13,blue
9,13,blue
10,13,blue
11,13,blue
12,13,blue
13,13,white
14,13,white
15,13,yellow
1,14,yellow
2,14,white
3,14,white
4,14,white
5,14,white
6,14,white
7,14,white
8,14,white
9,14,white
10,14,white
11,14,white
12,14,white
13,14,white
14,14,yellow
2,15,yellow
3,15,yellow
4,15,yellow
5,15,yellow
6,15,yellow
7,15,yellow
8,15,yellow
9,15,yellow
10,15,yellow
11,15,yellow
12,15,yellow
13,15,yellow
456
0,1
0,13
1,2
1,14
2,3
2,15
3,4
3,16
4,5
4,17
5,6
5,18
6,7
6,19
7,8
7,20
8,9
8,21
9,10
9,22
10,11
10,23
11,24
12,13
12,27
13,14
13,28
14,15
14,29
15,16
15,30
16,17
16,31
17,18
17,32
18,19
18,33
19,20
19,34
20,21
20,35
21,22
21,36
22,23
22,37
23,24
23,38
24,25
24,39
25,40
26,27
26,42
27,28
27,43
28,29
28,44
29,30
29,45
30,31
30,46
31,32
31,47
32,33
32,48
33,34
33,49
34,35
34,50
35,36
35,51
36,37
36,52
37,38
37,53
38,39
38,54
39,40
39,55
40,41
40,56
41,57
42,43
42,58
43,44
43,59
44,45
44,60
45,46
45,61
46,47
46,62
47,48
47,63
48,49
48,64
49,50
49,65
50,51
50,66
51,52
51,67
52,53
52,68
53,54
53,69
54,55
54,70
55,56
55,71
56,57
56,72
57,73
58,59
58,74
59,60
59,75
60,61
60,76
61,62
61,77
62,63
62,78
63,64
63,79
64,65
64,80
65,66
65,81
66,67
66,82
67,68
67,83
68,69
68,84
69,70
69,85
70,71
70,86
71,72
71,87
72,73
72,88
73,89
74,75
74,90
75,76
75,91
76,77
76,92
77,78
77,93
78,79
78,94
79,80
79,95
80,81
80,96
81,82
81,97
82,83
82,98
83,84
83,99
84,85
84,100
85,86
85,101
86,87
86,102
87,88
87,103
88,89
88,104
89,105
90,91
90,106
91,92
91,107
92,93
92,108
93,94
93,109
94,95
94,110
95,96
95,111
96,97
96,112
97,98
97,113
98,99
98,114
99,100
99,115
100,101
100,116
101,102
101,117
102,103
102,118
103,104
103,119
104,105
104,120
105,121
106,107
106,122
107,108
107,123
108,109
108,124
109,110
109,125
110,111
110,126
111,112
111,127
112,113
112,128
113,114
113,129
114,115
114,130
115,116
115,131
116,117
116,132
117,118
117,133
118,119
118,134
119,120
119,135
120,121
120,136
121,137
122,123
122,138
123,124
123,139
124,125
124,140
125,126
125,141
126,127
126,142
127,128
127,143
128,129
128,144
129,130
129,145
130,131
130,146
131,132
131,147
132,133
132,148
133,134
133,149
134,135
134,150
135,136
135,151
136,137
136,152
137,153
138,139
138,154
139,140
139,155
140,141
140,156
141,142
141,157
142,143
142,158
143,144
143,159
144,145
144,160
145,146
145,161
146,147
146,162
147,148
147,163
148,149
148,164
149,150
149,165
150,151
150,166
151,152
151,167
152,153
152,168
153,169
154,155
154,170
155,156
155,171
156,157
156,172
157,158
157,173
158,159
158,174
159,160
159,175
160,161
160,176
161,162
161,177
162,163
162,178
163,164
163,179
164,165
164,180
165,166
165,181
166,167
166,182
167,168
167,183
168,169
168,184
169,185
170,171
170,186
171,172
171,187
172,173
172,188
173,174
173,189
174,175
174,190
175,176
175,191
176,177
176,192
177,178
177,193
178,179
178,194
179,180
179,195
180,181
180,196
181,182
181,197
182,183
182,198
183,184
183,199
184,185
184,200
185,201
186,187
186,202
187,188
187,203
188,189
188,204
189,190
189,205
190,191
190,206
191,192
191,207
192,193
192,208
193,194
193,209
194,195
194,210
195,196
195,211
196,197
196,212
197,198
197,213
198,199
198,214
199,200
199,215
200,201
200,216
201,217
202,203
203,204
203,218
204,205
204,219
205,206
205,220
206,207
206,221
207,208
207,222
208,209
208,223
209,210
209,224
210,211
210,225
211,212
211,226
212,213
212,227
213,214
213,228
214,215
214,229
215,216
215,230
216,217
216,231
218,219
219,220
219,232
220,221
220,233
221,222
221,234
222,223
222,235
223,224
223,236
224,225
224,237
225,226
225,238
226,227
226,239
227,228
227,240
228,229
228,241
229,230
229,242
230,231
230,243
232,233
233,234
234,235
235,236
236,237
237,238
238,239
239,240
240,241
241,242
242,243
114,blue
